00110101
00100000
01110011
01100101
01100011
01101111
01101110
01100100
01110011
00100000
00111101
00111101
00111101
00111101
00111101
00111101
00111101
00111101
01000001
01011111
01001100
01000001
01010011
01010011
00111011
01011111
01000001
01011111
01001100
01000001
01000100
00111011
01011111
01000001
01011111
01010011
01000001
01001100
01000001
01000100
00111011
01011111
01000001
01001100
01000001
01010011
01001011
01000001
00100011
00100000
01110010
01100001
01110111
00100000
00111101
00100000
00100010
01011111
00100001
01000000
00100011
00100100
00100101
01011110
00100110
00101010
01000011
01000001
01010100
01000011
01000001
01010100
01000011
01000001
01010100
01011000
01000001
01010000
01001100
01000001
01101001
01101111
01101110
00100010
01100001
01100010
01100011
01100100
00110001
00110010
00110011
00110100
01100001
01110011
01110011
01100101
01110010
01110100
01011111
01100111
01101111
01101111
01100100
01011111
01110010
01100101
01100011
01101111
01110110
01100101
01110010
01111001
01011111
01101111
01100110
01011111
01100011
01101100
01011111
01110110
01100001
01101100
01110101
01100101
01110011
00100000
01100100
01101001
01110011
01110100
01100001
01101110
01100011
01100101
