000010010
000000100
000000111
000000110
000000110
000000111
000000111
000000111
000010001
000000111
000010001
000000111
000010000
000010001
000000111
000000000
000000101
000000000
000000000
000000111
000000100
000000000
000000111
000000111
000010001
000000111
000000110
000010001
000000111
000000000
000000000
000000101
000000111
000010001
000000111
000010001
000000111
000000100
000000000
000000100
000000111
000000101
000000101
000000100
000000111
000000111
000000000
000000110
000000000
000000000
000000110
000000000
000000101
000000100
000000000
000000000
000000101
000000100
000000110
000000111
000000110
000000111
000000000
000000110
000010010
000000110
000000110
000000000
000000101
000000000
000000011
000000011
000000000
000000000
000000010
000000011
000000000
000000011
000010001
000000010
