000000000000000000000000000000000000000000000101
000000000000000000000000000000000000000000000011
000000000000000000000000000000000000000000001110
000000000000000000000000000000000000000000010000
000000000000000000000000000000000000000000011001
000000000000000000000000000000000000000000010101
000000000000000000000000000000000000000000111111
000000000000000000000000000000000000000000001001
000000000000000000000000000000000000000010110011
000000000000000000000000000000000000000000001001
000000000000000000000000000000000000000000110000