00000000
00000011
11010110
00000110
00000111
10101110
10100000
10000011
00001100
01000000
00110000
11000010
00000000
00000000
00000000
00000100
00110001
10010001
00000011
01111000
00011000
00111001
01010010
11011011
11111100
00001100
00111100
11001000
01011100
10101011
00101011
11000011
11011000
00011101
00101100
00001100
00101100
10100010
11010010
00101111
10011101
00111001
00010101
00100010
01111011
11100110
01111111
10001101
11001010
00101011
00100111
00111000
01111101
01100111
00100011
11011100
10011100
10100101
00101001
10001010
11100011
01001011
01011010
11000110
01000001
11110100
00011001
11110001
01110110
11000000
00011100
01110000
00001011
11011110
10011111
00100110
01101001
01010101
10110100
00110110
00011011
10111011
01110110
10000001
00011010
10001010
00000101
01100001
10011000
11000011
11011000
00011101
00101111
01011111
01110110
11010010
00010101
00001001
00010110
00100000
01001000
11101001
11001100
11100111
10010111
00000110
11111111
11010011
00001111
00111011
00101001
00011100
11110010
01100011
11001101
01000010
00001010
10000010
00100100
10100011
00011101
10010100
10011101
01110000
10111001
01110010
00111000
