010000000000000000111
000110000000000000101
000110000000000000011
000110000000000000101
000110000000000000010
000110000000000000000
000110000000000000010
000110000000000000000
000110000000000000011
000110000000000000000
000110000000000000011
000110000000000000000
000110000000000000100
010000000000000000011
000110000000000000000
000110000000000000011
000110000000000000000
000110000000000000010
000110000000000000000
000110000000000000000
000110000000000000000
000110000000000000000
000110000000000000000
000110000000000000000
000110000000000000000
000110000000000000000
000110000000000000000
000110000000000000001
000110000000000000000
000110000000000000011
010000000000000011001
010000000000000010000
010100000000011011110
010100000000000011000
001010000000000000111
001110000000000010101
001000000000000000010
000100000000000000011
000110000000000000011
000110000000000000011
000100000000000000011
000100000000000000011
000100000000000000011
000110000000000000000
000110000000000000000
000100000000000000011
000110000000000000000
000110000000000000011
000100000000000000011
001010000000000000110
000100000000000000001
000110000000000000000
000110000000000000010
000100000000000000011
000100000000000000010
000110000000000000010
000100000000000000010
000100000000000000010
000100000000000000011
001000000000000000010
000100000000000000010
000100000000000000011
000100000000000000011
000110000000000000000
000110000000000000011
000100000000000000011
000110000000000000011
000110000000000000000
000110000000000000000
000100000000000000011
000100000000000000010
000100000000000000010
000110000000000000010
000100000000000000011
000110000000000000000
000110000000000000000
000100000000000000011
000110000000000000000
000110000000000000010
000100000000000000011
001000000000000000010
000100000000000000010
001000000000000000010
000100000000000000011
000110000000000000010
000110000000000000010
001000000000000000010
000100000000000000011
000100000000000000011
000100000000000000010
000110000000000000011
000100000000000000010
000100000000000000010
000110000000000000011
000100000000000000010
000110000000000000010
001000000000000000010
000100000000000000010
000100000000000000010
000110000000000000010
001000000000000000010
000110000000000000011
000100000000000000011
000110000000000000011
000100000000000000011
000100000000000000010
000110000000000000011
001010000000000000111
001110000000001111100
000110000000000000011
000110000000000000011
000100000000000000010
000110000000000000010
000100000000000000010
000010000000000000000
000010000000000000000
000100000000000000010
000100000000000000010
000110000000000000110
000010000000000000000
000100000000000000010
000010000000000000000
000110000000000000111
000110000000000000001
000110000000000000110
001110000000000001111
001000000000000001010
001000000000000001100
001000000000000001110
001010000000000001000
001000000000000001111
001010000000000001110
001010000000000001001
001000000000000001100
001000000000000001010
001010000000000001010
001010000000000001010
001010000000000001100
000000000000000000000
000110000000000000010
000000000000000000000
001000000000000001011
001000000000000001000
001100000000000110100
001000000000000001011
001010000000000001011
001010000000000001011
001110000000000001100
001000000000000001000
001100000000000001111
000000000000000000000
000100000000000000010
000010000000000000001
001110000000000000011
001100000000000001111
000000000000000000000
000100000000000000010
000010000000000000000
001010000000000001011
001000000000000001011
001010000000000001100
000000000000000000000
000110000000000000000
000100000000000000000
001100000000000001110
000000000000000000000
000110000000000000001
000110000000000000110
001110000000000000000
001000000000000001011
001100000000000110111
001000000000000001010
001010000000000001111
001000000000000001001
001110000000000011001
001000000000000001010
001010000000000001010
001000000000000001010
001100000000000110110
001000000000000001000
001110000000000110110
001110000000000001101
001100000000000110111
001110000000000110111
001110000000000110100
001110000000000000100
001110000000000110101
001110000000000001010
001110000000000000010
001000000000000001011
001110000000000000110
001010000000000001100
000000000000000000000
000110000000000000011
000000000000000000000
001110000000000000111
001000000000000001011
001110000000000000001
001100000000000110100
001000000000000001011
001100000000000110101
001000000000000001111
001010000000000001110
001100000000000110110
001000000000000001001
001110000000000000101
001010000000000001000
001010000000000001001
001110000000000001011
001110000000000001000
001110000000000001001
001110000000000001110
001000000000000001001
001000000000000001100
001000000000000001100
001000000000000001110
001010000000000001111
001100000000000001011
001000000000000001000
001110000000000011011
001000000000000001111
001000000000000001111
001010000000000001001
001000000000000001000
001010000000000001111
001100000000000001110
000000000000000000000
000100000000000000011
001010000000000000101
001100000000000001000
001000000000000001110
001010000000000001111
001100000000000001001
001000000000000001000
001000000000000001111
001110000000000011010
001000000000000001000
001010000000000001000
001100000000000001010
001000000000000001000
001100000000000001000
001000000000000001001
001100000000000001010
001110000000000011000
001000000000000001110
001000000000000001100
001000000000000001010
001010000000000001001
001100000000000110101
001000000000000001100
001100000000000001011
001000000000000001001
001010000000000001110
001010000000000001000
001000000000000001110
