000000000000000001111000000000000000000000000000000000000000000
000000001000000000000000000000000000000000000000000000000000000
000000010000000000000000000000000000000000000000000000000000000
000000011000000000000000000000000000000000000000000000000000000
000000100000000000111000000000000000000000000000000000000000000
000000101000000000111000000000000000000000000000000000000000000
000000110000000001010000000000000000000000000000000000000000000
000000111000000010100000000000000000000000000000000000000000000
000001000000000000000000000000000000000000000000000000000000000
000001001000000000000000000000000000000000000000000000000000000
000001010000000000000000000000000000000000000000000000000000000
000001011000000000000000000000000000000000000000000000000000000
000001100000000000000000000000000000000000000000000000000000000
000001101000000000000000000000000000000000000000000000000000000
000001110000000000000000000000000000000000000000000000000000000
000001111000000000000000000000000000000000000000000000000000000
000010000000000000001000000000000000000000000000000000000000000
000010001000000000111000000000000000000000000000000000000000000
000010010000000000010000000000000000000000000000000000000000000
000010011000000000000000000000000000000000000000000000000000000
000010100000000000000000000000000000000000000000000000000000000
000010101000000000000000000000000000000000000000000000000000000
000010110000000000000000000000000000000000000000000000000000000
000010111000000000000000000000000000000000000000000000000000000
000011000000000000000000000000000000000000000000000000000000000
000011001000000000000000000000000000000000000000000000000000000
000011010000000000000000000000000000000000000000000000000000000
000011011000000000000000000000000000000000000000000000000000000
000011100000000000000000000000000000000000000000000000000000000
000011101000000000000000000000000000000000000000000000000000000
000011110000000000000000000000000000000000000000000000000000000
000011111000000000000000000000000000000000000000000000000000000
000100000000000000000000000000000000000000000000000000000000000
000100001000000000000000000000000000000000000000000000000000000
000100010000000000000000000000000000000000000000000000000000000
000100011000000000000000000000000000000000000000000000000000000
000100100000000000000000000000000000000000000000000000000000000
000100101000000000000000000000000000000000000000000000000000000
000100110000000000000000000000000000000000000000000000000000000
000100111000000000000000000000000000000000000000000000000000000
000101000000000000000000000000000000000000000000000000000000000
000101001000000000000000000000000000000000000000000000000000000
000101010000000000000000000000000000000000000000000000000000000
000101011000000000000000000000000000000000000000000000000000000
000101100000000000000000000000000000000000000000000000000000000
000101101000000000000000000000000000000000000000000000000000000
000101110000000000000000000000000000000000000000000000000000000
000101111000000000000000000000000000000000000000000000000000000
000110000000000000000000000000000000000000000000000000000000000
000110001000000000000000000000000000000000000000000000000000000
000110010000000000000000000000000000000000000000000000000000000
000110011000000000000000000000000000000000000000000000000000000
000110100000000000000000000000000000000000000000000000000000000
000110101000000000000000000000000000000000000000000000000000000
000110110000000000000000000000000000000000000000000000000000000
000110111000000000000000000000000000000000000000000000000000000
000111000000000000000000000000000000000000000000000000000000000
000111001000000000000000000000000000000000000000000000000000000
000111010000000000000000000000000000000000000000000000000000000
000111011000000000000000000000000000000000000000000000000000000
000111100000000000000000000000000000000000000000000000000000000
000111101000000000000000000000000000000000000000000000000000000
000111110000000000000000000000000000000000000000000000000000000
000111111000000000000000000000000000000000000000000000000000000
001000000000000000000000000000000000000000000000000000000000000
001000001000000000000000000000000000000000000000000000000000000
001000010000000000000000000000000000000000000000000000000000000
001000011000000000000000000000000000000000000000000000000000000
001000100000000000000000000000000000000000000000000000000000000
001000101000000000000000000000000000000000000000000000000000000
001000110000000000000000000000000000000000000000000000000000000
001000111000000000000000000000000000000000000000000000000000000
001001000000000000000000000000000000000000000000000000000000000
001001001000000000000000000000000000000000000000000000000000000
001001010000000000000000000000000000000000000000000000000000000
001001011000000000000000000000000000000000000000000000000000000
001001100000000000000000000000000000000000000000000000000000000
001001101000000000000000000000000000000000000000000000000000000
001001110000000000000000000000000000000000000000000000000000000
001001111000000000000000000000000000000000000000000000000000000
001010000000000000000000000000000000000000000000000000000000000
001010001000000000000000000000000000000000000000000000000000000
001010010000000000000000000000000000000000000000000000000000000
001010011000000000000000000000000000000000000000000000000000000
001010100000000000000000000000000000000000000000000000000000000
001010101000000000000000000000000000000000000000000000000000000
001010110000000000000000000000000000000000000000000000000000000
001010111000000000000000000000000000000000000000000000000000000
001011000000000000000000000000000000000000000000000000000000000
001011001000000000000000000000000000000000000000000000000000000
001011010000000000000000000000000000000000000000000000000000000
001011011000000000000000000000000000000000000000000000000000000
001011100000000000000000000000000000000000000000000000000000000
001011101000000000000000000000000000000000000000000000000000000
001011110000000000000000000000000000000000000000000000000000000
001011111000000000000000000000000000000000000000000000000000000
001100000000000000000000000000000000000000000000000000000000000
001100001000000000000000000000000000000000000000000000000000000
001100010000000000000000000000000000000000000000000000000000000
001100011000000000000000000000000000000000000000000000000000000
001100100000000000000000000000000000000000000000000000000000000
001100101000000000000000000000000000000000000000000000000000000
001100110000000000000000000000000000000000000000000000000000000
001100111000000000000000000000000000000000000000000000000000000
001101000000000000000000000000000000000000000000000000000000000
001101001000000000000000000000000000000000000000000000000000000
001101010000000000000000000000000000000000000000000000000000000
001101011000000000000000000000000000000000000000000000000000000
001101100000000000000000000000000000000000000000000000000000000
001101101000000000000000000000000000000000000000000000000000000
001101110000000000000000000000000000000000000000000000000000000
001101111000000000000000000000000000000000000000000000000000000
001110000000000000000000000000000000000000000000000000000000000
001110001000000000000000000000000000000000000000000000000000000
001110010000000000000000000000000000000000000000000000000000000
001110011000000000000000000000000000000000000000000000000000000
001110100000000000000000000000000000000000000000000000000000000
001110101000000000000000000000000000000000000000000000000000000
001110110000000000000000000000000000000000000000000000000000000
001110111000000000000000000000000000000000000000000000000000000
001111000000000000000000000000000000000000000000000000000000000
001111001000000000000000000000000000000000000000000000000000000
001111010000000000000000000000000000000000000000000000000000000
001111011000000000000000000000000000000000000000000000000000000
001111100000000000000000000000000000000000000000000000000000000
001111101000000000000000000000000000000000000000000000000000000
001111110000000000000000000000000000000000000000000000000000000
001111111000000000000000000000000000000000000000000000000000000
010000000000000000000000000000000000000000000000000000000000000
010000001000000000000000000000000000000000000000000000000000000
010000010000000000000000000000000000000000000000000000000000000
010000011000000000000000000000000000000000000000000000000000000
010000100000000000000000000000000000000000000000000000000000000
010000101000000000000000000000000000000000000000000000000000000
010000110000000000000000000000000000000000000000000000000000000
010000111000000000000000000000000000000000000000000000000000000
010001000000000000000000000000000000000000000000000000000000000
010001001000000000000000000000000000000000000000000000000000000
010001010000000000000000000000000000000000000000000000000000000
010001011000000000000000000000000000000000000000000000000000000
010001100000000000000000000000000000000000000000000000000000000
010001101000000000000000000000000000000000000000000000000000000
010001110000000000000000000000000000000000000000000000000000000
010001111000000000000000000000000000000000000000000000000000000
010010000000000000000000000000000000000000000000000000000000000
010010001000000000000000000000000000000000000000000000000000000
010010010000000000000000000000000000000000000000000000000000000
010010011000000000000000000000000000000000000000000000000000000
010010100000000000000000000000000000000000000000000000000000000
010010101000000000000000000000000000000000000000000000000000000
010010110000000000000000000000000000000000000000000000000000000
010010111000000000000000000000000000000000000000000000000000000
010011000000000000000000000000000000000000000000000000000000000
010011001000000000000000000000000000000000000000000000000000000
010011010000000000000000000000000000000000000000000000000000000
010011011000000000000000000000000000000000000000000000000000000
010011100000000000000000000000000000000000000000000000000000000
010011101000000000000000000000000000000000000000000000000000000
010011110000000000000000000000000000000000000000000000000000000
010011111000000000000000000000000000000000000000000000000000000
010100000000000000000000000000000000000000000000000000000000000
010100001000000000000000000000000000000000000000000000000000000
010100010000000000000000000000000000000000000000000000000000000
010100011000000000000000000000000000000000000000000000000000000
010100100000000000000000000000000000000000000000000000000000000
010100101000000000000000000000000000000000000000000000000000000
010100110000000000000000000000000000000000000000000000000000000
010100111000000000000000000000000000000000000000000000000000000
010101000000000000000000000000000000000000000000000000000000000
010101001000000000000000000000000000000000000000000000000000000
010101010000000000000000000000000000000000000000000000000000000
010101011000000000000000000000000000000000000000000000000000000
010101100000000000000000000000000000000000000000000000000000000
010101101000000000000000000000000000000000000000000000000000000
010101110000000000000000000000000000000000000000000000000000000
010101111000000000000000000000000000000000000000000000000000000
010110000000000000000000000000000000000000000000000000000000000
010110001000000000000000000000000000000000000000000000000000000
010110010000000000000000000000000000000000000000000000000000000
010110011000000000000000000000000000000000000000000000000000000
010110100000000000000000000000000000000000000000000000000000000
010110101000000000000000000000000000000000000000000000000000000
010110110000000000000000000000000000000000000000000000000000000
010110111000000000000000000000000000000000000000000000000000000
010111000000000000000000000000000000000000000000000000000000000
010111001000000000000000000000000000000000000000000000000000000
010111010000000000000000000000000000000000000000000000000000000
010111011000000000000000000000000000000000000000000000000000000
010111100000000000000000000000000000000000000000000000000000000
010111101000000000000000000000000000000000000000000000000000000
010111110000000000000000000000000000000000000000000000000000000
010111111000000000000000000000000000000000000000000000000000000
011000000000000000000000000000000000000000000000000000000000000
011000001000000000000000000000000000000000000000000000000000000
011000010000000000000000000000000000000000000000000000000000000
011000011000000000000000000000000000000000000000000000000000000
011000100000000000000000000000000000000000000000000000000000000
011000101000000000000000000000000000000000000000000000000000000
011000110000000000000000000000000000000000000000000000000000000
011000111000000000000000000000000000000000000000000000000000000
011001000000000000000000000000000000000000000000000000000000000
011001001000000000000000000000000000000000000000000000000000000
011001010000000000000000000000000000000000000000000000000000000
011001011000000000000000000000000000000000000000000000000000000
011001100000000000000000000000000000000000000000000000000000000
011001101000000000000000000000000000000000000000000000000000000
011001110000000000000000000000000000000000000000000000000000000
011001111000000000000000000000000000000000000000000000000000000
011010000000000000000000000000000000000000000000000000000000000
011010001000000000000000000000000000000000000000000000000000000
011010010000000000000000000000000000000000000000000000000000000
011010011000000000000000000000000000000000000000000000000000000
011010100000000000000000000000000000000000000000000000000000000
011010101000000000000000000000000000000000000000000000000000000
011010110000000000000000000000000000000000000000000000000000000
011010111000000000000000000000000000000000000000000000000000000
011011000000000000000000000000000000000000000000000000000000000
011011001000000000000000000000000000000000000000000000000000000
011011010000000000000000000000000000000000000000000000000000000
011011011000000000000000000000000000000000000000000000000000000
011011100000000000000000000000000000000000000000000000000000000
011011101000000000000000000000000000000000000000000000000000000
011011110000000000000000000000000000000000000000000000000000000
011011111000000000000000000000000000000000000000000000000000000
011100000000000000000000000000000000000000000000000000000000000
011100001000000000000000000000000000000000000000000000000000000
011100010000000000000000000000000000000000000000000000000000000
011100011000000000000000000000000000000000000000000000000000000
011100100000000000000000000000000000000000000000000000000000000
011100101000000000000000000000000000000000000000000000000000000
011100110000000000000000000000000000000000000000000000000000000
011100111000000000000000000000000000000000000000000000000000000
011101000000000000000000000000000000000000000000000000000000000
011101001000000000000000000000000000000000000000000000000000000
011101010000000000000000000000000000000000000000000000000000000
011101011000000000000000000000000000000000000000000000000000000
011101100000000000000000000000000000000000000000000000000000000
011101101000000000000000000000000000000000000000000000000000000
011101110000000000000000000000000000000000000000000000000000000
011101111000000000000000000000000000000000000000000000000000000
011110000000000000000000000000000000000000000000000000000000000
011110001000000000000000000000000000000000000000000000000000000
011110010000000000000000000000000000000000000000000000000000000
011110011000000000000000000000000000000000000000000000000000000
011110100000000000000000000000000000000000000000000000000000000
011110101000000000000000000000000000000000000000000000000000000
011110110000000000000000000000000000000000000000000000000000000
011110111000000000000000000000000000000000000000000000000000000
011111000000000000000000000000000000000000000000000000000000000
011111001000000000000000000000000000000000000000000000000000000
011111010000000000000000000000000000000000000000000000000000000
011111011000000000000000000000000000000000000000000000000000000
011111100000000000000000000000000000000000000000000000000000000
011111101000000000000000000000000000000000000000000000000000000
011111110000000000000000000000000000000000000000000000000000000
011111111000000000000000000000000000000000000000000000000000000
100000000000000000000000000000000000000000000000000000000000000
100000001000000000000000000000000000000000000000000000000000000
100000010000000000000000000000000000000000000000000000000000000
100000011000000000000000000000000000000000000000000000000000000
100000100000000000000000000000000000000000000000000000000000000
100000101000000000000000000000000000000000000000000000000000000
100000110000000000000000000000000000000000000000000000000000000
100000111000000000000000000000000000000000000000000000000000000
100001000000000000000000000000000000000000000000000000000000000
100001001000000000000000000000000000000000000000000000000000000
100001010000000000000000000000000000000000000000000000000000000
100001011000000000000000000000000000000000000000000000000000000
100001100000000000000000000000000000000000000000000000000000000
100001101000000000000000000000000000000000000000000000000000000
100001110000000000000000000000000000000000000000000000000000000
100001111000000000000000000000000000000000000000000000000000000
100010000000000000000000000000000000000000000000000000000000000
100010001000000000000000000000000000000000000000000000000000000
100010010000000000000000000000000000000000000000000000000000000
100010011000000000000000000000000000000000000000000000000000000
100010100000000000000000000000000000000000000000000000000000000
100010101000000000000000000000000000000000000000000000000000000
100010110000000000000000000000000000000000000000000000000000000
100010111000000000000000000000000000000000000000000000000000000
100011000000000000000000000000000000000000000000000000000000000
100011001000000000000000000000000000000000000000000000000000000
100011010000000000000000000000000000000000000000000000000000000
100011011000000000000000000000000000000000000000000000000000000
100011100000000000000000000000000000000000000000000000000000000
100011101000000000000000000000000000000000000000000000000000000
100011110000000000000000000000000000000000000000000000000000000
100011111000000000000000000000000000000000000000000000000000000
100100000000000000000000000000000000000000000000000000000000000
100100001000000000000000000000000000000000000000000000000000000
100100010000000000000000000000000000000000000000000000000000000
100100011000000000000000000000000000000000000000000000000000000
100100100000000000000000000000000000000000000000000000000000000
100100101000000000000000000000000000000000000000000000000000000
100100110000000000000000000000000000000000000000000000000000000
100100111000000000000000000000000000000000000000000000000000000
100101000000000000000000000000000000000000000000000000000000000
100101001000000000000000000000000000000000000000000000000000000
100101010000000000000000000000000000000000000000000000000000000
100101011000000000000000000000000000000000000000000000000000000
100101100000000000000000000000000000000000000000000000000000000
100101101000000000000000000000000000000000000000000000000000000
100101110000000000000000000000000000000000000000000000000000000
100101111000000000000000000000000000000000000000000000000000000
100110000000000000000000000000000000000000000000000000000000000
100110001000000000000000000000000000000000000000000000000000000
100110010000000000000000000000000000000000000000000000000000000
100110011000000000000000000000000000000000000000000000000000000
100110100000000000000000000000000000000000000000000000000000000
100110101000000000000000000000000000000000000000000000000000000
100110110000000000000000000000000000000000000000000000000000000
100110111000000000000000000000000000000000000000000000000000000
100111000000000000000000000000000000000000000000000000000000000
100111001000000000000000000000000000000000000000000000000000000
100111010000000000000000000000000000000000000000000000000000000
100111011000000000000000000000000000000000000000000000000000000
100111100000000000000000000000000000000000000000000000000000000
100111101000000000000000000000000000000000000000000000000000000
100111110000000000000000000000000000000000000000000000000000000
100111111000000000000000000000000000000000000000000000000000000
101000000000000000000000000000000000000000000000000000000000000
101000001000000000000000000000000000000000000000000000000000000
101000010000000000000000000000000000000000000000000000000000000
101000011000000000000000000000000000000000000000000000000000000
101000100000000000000000000000000000000000000000000000000000000
101000101000000000000000000000000000000000000000000000000000000
101000110000000000000000000000000000000000000000000000000000000
101000111000000000000000000000000000000000000000000000000000000
101001000000000000000000000000000000000000000000000000000000000
101001001000000000000000000000000000000000000000000000000000000
101001010000000000000000000000000000000000000000000000000000000
101001011000000000000000000000000000000000000000000000000000000
101001100000000000000000000000000000000000000000000000000000000
101001101000000000000000000000000000000000000000000000000000000
101001110000000000000000000000000000000000000000000000000000000
101001111000000000000000000000000000000000000000000000000000000
101010000000000000000000000000000000000000000000000000000000000
101010001000000000000000000000000000000000000000000000000000000
101010010000000000000000000000000000000000000000000000000000000
101010011000000000000000000000000000000000000000000000000000000
101010100000000000000000000000000000000000000000000000000000000
101010101000000000000000000000000000000000000000000000000000000
101010110000000000000000000000000000000000000000000000000000000
101010111000000000000000000000000000000000000000000000000000000
101011000000000000000000000000000000000000000000000000000000000
101011001000000000000000000000000000000000000000000000000000000
101011010000000000000000000000000000000000000000000000000000000
101011011000000000000000000000000000000000000000000000000000000
101011100000000000000000000000000000000000000000000000000000000
101011101000000000000000000000000000000000000000000000000000000
101011110000000000000000000000000000000000000000000000000000000
101011111000000000000000000000000000000000000000000000000000000
101100000000000000000000000000000000000000000000000000000000000
101100001000000000000000000000000000000000000000000000000000000
101100010000000000000000000000000000000000000000000000000000000
101100011000000000000000000000000000000000000000000000000000000
101100100000000000000000000000000000000000000000000000000000000
101100101000000000000000000000000000000000000000000000000000000
101100110000000000000000000000000000000000000000000000000000000
101100111000000000000000000000000000000000000000000000000000000
101101000000000000000000000000000000000000000000000000000000000
101101001000000000000000000000000000000000000000000000000000000
101101010000000000000000000000000000000000000000000000000000000
101101011000000000000000000000000000000000000000000000000000000
101101100000000000000000000000000000000000000000000000000000000
101101101000000000000000000000000000000000000000000000000000000
101101110000000000000000000000000000000000000000000000000000000
101101111000000000000000000000000000000000000000000000000000000
101110000000000000000000000000000000000000000000000000000000000
101110001000000000000000000000000000000000000000000000000000000
101110010000000000000000000000000000000000000000000000000000000
101110011000000000000000000000000000000000000000000000000000000
101110100000000000000000000000000000000000000000000000000000000
101110101000000000000000000000000000000000000000000000000000000
101110110000000000000000000000000000000000000000000000000000000
101110111000000000000000000000000000000000000000000000000000000
101111000000000000000000000000000000000000000000000000000000000
101111001000000000000000000000000000000000000000000000000000000
101111010000000000000000000000000000000000000000000000000000000
101111011000000000000000000000000000000000000000000000000000000
101111100000000000000000000000000000000000000000000000000000000
101111101000000000000000000000000000000000000000000000000000000
101111110000000000000000000000000000000000000000000000000000000
101111111000000000000000000000000000000000000000000000000000000
110000000000000000000000000000000000000000000000000000000000000
110000001000000000000000000000000000000000000000000000000000000
110000010000000000000000000000000000000000000000000000000000000
110000011000000000000000000000000000000000000000000000000000000
110000100000000000000000000000000000000000000000000000000000000
110000101000000000000000000000000000000000000000000000000000000
110000110000000000000000000000000000000000000000000000000000000
110000111000000000000000000000000000000000000000000000000000000
110001000000000000000000000000000000000000000000000000000000000
110001001000000000000000000000000000000000000000000000000000000
110001010000000000000000000000000000000000000000000000000000000
110001011000000000000000000000000000000000000000000000000000000
110001100000000000000000000000000000000000000000000000000000000
110001101000000000000000000000000000000000000000000000000000000
110001110000000000000000000000000000000000000000000000000000000
110001111000000000000000000000000000000000000000000000000000000
110010000000000000000000000000000000000000000000000000000000000
110010001000000000000000000000000000000000000000000000000000000
110010010000000000000000000000000000000000000000000000000000000
110010011000000000000000000000000000000000000000000000000000000
110010100000000000000000000000000000000000000000000000000000000
110010101000000000000000000000000000000000000000000000000000000
110010110000000000000000000000000000000000000000000000000000000
110010111000000000000000000000000000000000000000000000000000000
110011000000000000000000000000000000000000000000000000000000000
110011001000000000000000000000000000000000000000000000000000000
110011010000000000000000000000000000000000000000000000000000000
110011011000000000000000000000000000000000000000000000000000000
110011100000000000000000000000000000000000000000000000000000000
110011101000000000000000000000000000000000000000000000000000000
110011110000000000000000000000000000000000000000000000000000000
110011111000000000000000000000000000000000000000000000000000000
110100000000000000000000000000000000000000000000000000000000000
110100001000000000000000000000000000000000000000000000000000000
110100010000000000000000000000000000000000000000000000000000000
110100011000000000000000000000000000000000000000000000000000000
110100100000000000000000000000000000000000000000000000000000000
110100101000000000000000000000000000000000000000000000000000000
110100110000000000000000000000000000000000000000000000000000000
110100111000000000000000000000000000000000000000000000000000000
110101000000000000000000000000000000000000000000000000000000000
110101001000000000000000000000000000000000000000000000000000000
110101010000000000000000000000000000000000000000000000000000000
110101011000000000000000000000000000000000000000000000000000000
110101100000000000000000000000000000000000000000000000000000000
110101101000000000000000000000000000000000000000000000000000000
110101110000000000000000000000000000000000000000000000000000000
110101111000000000000000000000000000000000000000000000000000000
110110000000000000000000000000000000000000000000000000000000000
110110001000000000000000000000000000000000000000000000000000000
110110010000000000000000000000000000000000000000000000000000000
110110011000000000000000000000000000000000000000000000000000000
110110100000000000000000000000000000000000000000000000000000000
110110101000000000000000000000000000000000000000000000000000000
110110110000000000000000000000000000000000000000000000000000000
110110111000000000000000000000000000000000000000000000000000000
110111000000000000000000000000000000000000000000000000000000000
110111001000000000000000000000000000000000000000000000000000000
110111010000000000000000000000000000000000000000000000000000000
110111011000000000000000000000000000000000000000000000000000000
110111100000000000000000000000000000000000000000000000000000000
110111101000000000000000000000000000000000000000000000000000000
110111110000000000000000000000000000000000000000000000000000000
110111111000000000000000000000000000000000000000000000000000000
111000000000000000000000000000000000000000000000000000000000000
111000001000000000000000000000000000000000000000000000000000000
111000010000000000000000000000000000000000000000000000000000000
111000011000000000000000000000000000000000000000000000000000000
111000100000000000000000000000000000000000000000000000000000000
111000101000000000000000000000000000000000000000000000000000000
111000110000000000000000000000000000000000000000000000000000000
111000111000000000000000000000000000000000000000000000000000000
111001000000000000000000000000000000000000000000000000000000000
111001001000000000000000000000000000000000000000000000000000000
111001010000000000000000000000000000000000000000000000000000000
111001011000000000000000000000000000000000000000000000000000000
111001100000000000000000000000000000000000000000000000000000000
111001101000000000000000000000000000000000000000000000000000000
111001110000000000000000000000000000000000000000000000000000000
111001111000000000000000000000000000000000000000000000000000000
111010000000000000000000000000000000000000000000000000000000000
111010001000000000000000000000000000000000000000000000000000000
111010010000000000000000000000000000000000000000000000000000000
111010011000000000000000000000000000000000000000000000000000000
111010100000000000000000000000000000000000000000000000000000000
111010101000000000000000000000000000000000000000000000000000000
111010110000000000000000000000000000000000000000000000000000000
111010111000000000000000000000000000000000000000000000000000000
111011000000000000000000000000000000000000000000000000000000000
111011001000000000000000000000000000000000000000000000000000000
111011010000000000000000000000000000000000000000000000000000000
111011011000000000000000000000000000000000000000000000000000000
111011100000000000000000000000000000000000000000000000000000000
111011101000000000000000000000000000000000000000000000000000000
111011110000000000000000000000000000000000000000000000000000000
111011111000000000000000000000000000000000000000000000000000000
111100000000000000000000000000000000000000000000000000000000000
111100001000000000000000000000000000000000000000000000000000000
111100010000000000000000000000000000000000000000000000000000000
111100011000000000000000000000000000000000000000000000000000000
111100100000000000000000000000000000000000000000000000000000000
111100101000000000000000000000000000000000000000000000000000000
111100110000000000000000000000000000000000000000000000000000000
111100111000000000000000000000000000000000000000000000000000000
111101000000000000000000000000000000000000000000000000000000000
111101001000000000000000000000000000000000000000000000000000000
111101010000000000000000000000000000000000000000000000000000000
111101011000000000000000000000000000000000000000000000000000000
111101100000000000000000000000000000000000000000000000000000000
111101101000000000000000000000000000000000000000000000000000000
111101110000000000000000000000000000000000000000000000000000000
111101111000000000000000000000000000000000000000000000000000000
111110000000000000000000000000000000000000000000000000000000000
111110001000000000000000000000000000000000000000000000000000000
111110010000000000000000000000000000000000000000000000000000000
111110011000000000000000000000000000000000000000000000000000000
111110100000000000000000000000000000000000000000000000000000000
111110101000000000000000000000000000000000000000000000000000000
111110110000000000000000000000000000000000000000000000000000000
111110111000000000000000000000000000000000000000000000000000000
111111000000000000000000000000000000000000000000000000000000000
111111001000000000000000000000000000000000000000000000000000000
111111010000000000000000000000000000000000000000000000000000000
111111011000000000000000000000000000000000000000000000000000000
111111100000000000000000000000000000000000000000000000000000000
111111101000000000000000000000000000000000000000000000000000000
111111110000000000000000000000000000000000000000000000000000000
111111111000000000000000000000000000000000000000000000000000000
000000000000000000000000000000000000000000000000000000000000000
000000001000000000000000000000000000000000000000000000000000000
000000010000000000000000000000000000000000000000000000000000000
000000011000000000000000000000000000000000000000000000000000000
000000100000000000000000000000000000000000000000000000000000000
000000101000000000000000000000000000000000000000000000000000000
000000110000000000000000000000000000000000000000000000000000000
000000111000000000000000000000000000000000000000000000000000000
000001000000000000000000000000000000000000000000000000000000000
000001001000000000000000000000000000000000000000000000000000000
000001010000000000000000000000000000000000000000000000000000000
000001011000000000000000000000000000000000000000000000000000000
000001100000000000000000000000000000000000000000000000000000000
000001101000000000000000000000000000000000000000000000000000000
000001110000000000000000000000000000000000000000000000000000000
000001111000000000000000000000000000000000000000000000000000000
000010000000000000000000000000000000000000000000000000000000000
000010001000000000000000000000000000000000000000000000000000000
000010010000000000000000000000000000000000000000000000000000000
000010011000000000000000000000000000000000000000000000000000000
000010100000000000000000000000000000000000000000000000000000000
000010101000000000000000000000000000000000000000000000000000000
000010110000000000000000000000000000000000000000000000000000000
000010111000000000000000000000000000000000000000000000000000000
000011000000000000000000000000000000000000000000000000000000000
000011001000000000000000000000000000000000000000000000000000000
000011010000000000000000000000000000000000000000000000000000000
000011011000000000000000000000000000000000000000000000000000000
000011100000000000000000000000000000000000000000000000000000000
000011101000000000000000000000000000000000000000000000000000000
000011110000000000000000000000000000000000000000000000000000000
000011111000000000000000000000000000000000000000000000000000000
000100000000000000000000000000000000000000000000000000000000000
000100001000000000000000000000000000000000000000000000000000000
000100010000000000000000000000000000000000000000000000000000000
000100011000000000000000000000000000000000000000000000000000000
000100100000000000000000000000000000000000000000000000000000000
000100101000000000000000000000000000000000000000000000000000000
000100110000000000000000000000000000000000000000000000000000000
000100111000000000000000000000000000000000000000000000000000000
000101000000000000000000000000000000000000000000000000000000000
000101001000000000000000000000000000000000000000000000000000000
000101010000000000000000000000000000000000000000000000000000000
000101011000000000000000000000000000000000000000000000000000000
000101100000000000000000000000000000000000000000000000000000000
000101101000000000000000000000000000000000000000000000000000000
000101110000000000000000000000000000000000000000000000000000000
000101111000000000000000000000000000000000000000000000000000000
000110000000000000000000000000000000000000000000000000000000000
000110001000000000000000000000000000000000000000000000000000000
000110010000000000000000000000000000000000000000000000000000000
000110011000000000000000000000000000000000000000000000000000000
000110100000000000000000000000000000000000000000000000000000000
000110101000000000000000000000000000000000000000000000000000000
000110110000000000000000000000000000000000000000000000000000000
000110111000000000000000000000000000000000000000000000000000000
000111000000000000000000000000000000000000000000000000000000000
000111001000000000000000000000000000000000000000000000000000000
000111010000000000000000000000000000000000000000000000000000000
000111011000000000000000000000000000000000000000000000000000000
000111100000000000000000000000000000000000000000000000000000000
