001010000000000000111
001110000000000010101
001000000000000000010
000100000000000000011
000110000000000000011
000110000000000000011
000100000000000000011
000100000000000000011
000100000000000000011
000110000000000000000
000110000000000000000
000100000000000000011
000110000000000000000
000110000000000000011
000100000000000000011
001010000000000000110
000100000000000000001
000110000000000000000
000110000000000000010
000100000000000000011
000100000000000000010
000110000000000000010
000100000000000000010
000100000000000000010
000100000000000000011
001000000000000000010
000100000000000000010
000100000000000000011
000100000000000000011
000110000000000000000
000110000000000000011
000100000000000000011
000110000000000000011
000110000000000000000
000110000000000000000
000100000000000000011
000100000000000000010
000100000000000000010
000110000000000000010
000100000000000000011
000110000000000000000
000110000000000000000
000100000000000000011
000110000000000000000
000110000000000000010
000100000000000000011
001000000000000000010
000100000000000000010
001000000000000000010
000100000000000000011
000110000000000000010
000110000000000000010
001000000000000000010
000100000000000000011
000100000000000000011
000100000000000000010
000110000000000000011
000100000000000000010
000100000000000000010
000110000000000000011
000100000000000000010
000110000000000000010
001000000000000000010
000100000000000000010
000100000000000000010
000110000000000000010
001000000000000000010
000110000000000000011
000100000000000000011
000110000000000000011
000100000000000000011
000100000000000000010
000110000000000000011
001010000000000000111
001110000000001111100
000110000000000000011
000110000000000000011
000100000000000000010
000110000000000000010
