001010000000000010010
001110000000000010101
001010000000000000100
001010000000000000111
001010000000000000110
001010000000000000110
001010000000000000111
001010000000000000111
001010000000000000111
001010000000000010001
000110000000000000000
001010000000000000111
001010000000000010001
000110000000000000011
001010000000000000111
001010000000000010000
000100000000000000001
001010000000000010001
000110000000000000010
001010000000000000111
001010000000000000000
001010000000000000101
001010000000000000000
001010000000000000000
001010000000000000111
001010000000000000100
001010000000000000000
001010000000000000111
001010000000000000111
001010000000000010001
000110000000000000011
001010000000000000111
001010000000000000110
001010000000000010001
000110000000000000000
001010000000000000111
001010000000000000000
001010000000000000000
001010000000000000101
001010000000000000111
001010000000000010001
000110000000000000000
001010000000000000111
001010000000000010001
000110000000000000010
001010000000000000111
001010000000000000100
001010000000000000000
001010000000000000100
001010000000000000111
001010000000000000101
001010000000000000101
001010000000000000100
001010000000000000111
001010000000000000111
001010000000000000000
001010000000000000110
001010000000000000000
001010000000000000000
001010000000000000110
001010000000000000000
001010000000000000101
001010000000000000100
001010000000000000000
001010000000000000000
001010000000000000101
001010000000000000100
001010000000000000110
001010000000000000111
001010000000000000110
001010000000000000111
001010000000000000000
001010000000000000110
001010000000000010010
001110000000001111100
001010000000000000110
001010000000000000110
001010000000000000000
001010000000000000101
