0000110101000000000000000000000000000000
0000100000000000000000000000000000000000
0001110011000000000000000000000000000000
0001100101000000000000000000000000000000
0001100011000000000000000000000000000000
0001101111000000000000000000000000000000
0001101110000000000000000000000000000000
0001100100000000000000000000000000000000
0001110011000000000000000000000000000000
0000100000000000000000000000000000000000
0000111101000000000000000000000000000000
0000111101000000000000000000000000000000
1100000100000000000000100000000000000000
0001000001000000000000000000000000000000
0001011111000000000000000000000000000000
0001001100000000000000000000000000000000
0001000001000000000000000000000000000000
0001010011000000000000000000000000000000
0001010011000000000000000000000000000000
0000111011000000000000000000000000000000
0001011111000000000000000000000000000000
1100000010000000000010100010000000000001
0001000100000000000000000000000000000000
1100000010000000000010100010000000000000
0001010011000000000000000000000000000000
0001000001000000000000000000000000000000
1100000100000000000011000100000000000000
1100000001000000000100000110000000000110
0001001011000000000000000000000000000000
0001000001000000000000000000000000000000
0000100011000000000000000000000000000000
0000100000000000000000000000000000000000
0001110010000000000000000000000000000000
0001100001000000000000000000000000000000
0001110111000000000000000000000000000000
0000100000000000000000000000000000000000
0000111101000000000000000000000000000000
0000100000000000000000000000000000000000
0000100010000000000000000000000000000000
0001011111000000000000000000000000000000
0000100001000000000000000000000000000000
0001000000000000000000000000000000000000
0000100011000000000000000000000000000000
0000100100000000000000000000000000000000
0000100101000000000000000000000000000000
0001011110000000000000000000000000000000
0000100110000000000000000000000000000000
0000101010000000000000000000000000000000
0001000011000000000000000000000000000000
0001000001000000000000000000000000000000
0001010100000000000000000000000000000000
1100000100000000000001000000000000000000
0001011000000000000000000000000000000000
0001000001000000000000000000000000000000
0001010000000000000000000000000000000000
0001001100000000000000000000000000000000
0001000001000000000000000000000000000000
0001101001000000000000000000000000000000
0001101111000000000000000000000000000000
0001101110000000000000000000000000000000
0000100010000000000000000000000000000000
0001100001000000000000000000000000000000
0001100010000000000000000000000000000000
0001100011000000000000000000000000000000
0001100100000000000000000000000000000000
0000110001000000000000000000000000000000
0000110010000000000000000000000000000000
0000110011000000000000000000000000000000
0000110100000000000000000000000000000000
0001100001000000000000000000000000000000
0001110011000000000000000000000000000000
0001110011000000000000000000000000000000
0001100101000000000000000000000000000000
0001110010000000000000000000000000000000
0001110100000000000000000000000000000000
0001011111000000000000000000000000000000
0001100111000000000000000000000000000000
0001101111000000000000000000000000000000
0001101111000000000000000000000000000000
0001100100000000000000000000000000000000
0001011111000000000000000000000000000000
0001110010000000000000000000000000000000
1100000001000000000110101010000000000101
0001110110000000000000000000000000000000
0001100101000000000000000000000000000000
0001110010000000000000000000000000000000
0001111001000000000000000000000000000000
0001011111000000000000000000000000000000
0001101111000000000000000000000000000000
0001100110000000000000000000000000000000
0001011111000000000000000000000000000000
0001100011000000000000000000000000000000
0001101100000000000000000000000000000000
0001011111000000000000000000000000000000
0001110110000000000000000000000000000000
0001100001000000000000000000000000000000
0001101100000000000000000000000000000000
0001110101000000000000000000000000000000
0001100101000000000000000000000000000000
0001110011000000000000000000000000000000
0000100000000000000000000000000000000000
0001100100000000000000000000000000000000
0001101001000000000000000000000000000000
0001110011000000000000000000000000000000
0001110100000000000000000000000000000000
0001100001000000000000000000000000000000
0001101110000000000000000000000000000000
0001100011000000000000000000000000000000
0001100101000000000000000000000000000000
