000110101
000100000
001110011
001100101
001100011
001101111
001101110
001100100
001110011
000100000
000111101
000111101
100000100
001000001
001011111
001001100
001000001
001010011
001010011
000111011
001011111
100000010
001000100
100000010
001010011
001000001
100000100
100000001
001001011
001000001
000100011
000100000
001110010
001100001
001110111
000100000
000111101
000100000
000100010
001011111
000100001
001000000
000100011
000100100
000100101
001011110
000100110
000101010
001000011
001000001
001010100
100000100
001011000
001000001
001010000
001001100
001000001
001101001
001101111
001101110
000100010
001100001
001100010
001100011
001100100
000110001
000110010
000110011
000110100
001100001
001110011
001110011
001100101
001110010
001110100
001011111
001100111
001101111
001101111
001100100
001011111
001110010
100000001
001110110
001100101
001110010
001111001
001011111
001101111
001100110
001011111
001100011
001101100
001011111
001110110
001100001
001101100
001110101
001100101
001110011
000100000
001100100
001101001
001110011
001110100
001100001
001101110
001100011
001100101
